

2: 상어 냄새 뿌리기
 [[[0, 0], [3, 4], [3, 3], [3, 2], [3, 1]], 
[[0, 0], [2, 1], [2, 2], [2, 3], [2, 4]], 
[[1, 1], [1, 2], [1, 3], [4, 2], [4, 1]], 
[[0, 0], [0, 0], [1, 4], [0, 0], [0, 0]],
 [[0, 0], [0, 0], [0, 0], [0, 0], [0, 0]]] 
 [[], [3, 2, 1], [1, 4, 3], [0, 1, 2]]
1 코드 이상해


3: 상어 이동시키기
 [[[0, 0], [3, 4], [3, 3], [3, 2], [3, 1]],
 [[0, 0], [2, 1], [2, 2], [2, 3], [2, 4]], 
[[1, 1], [1, 2], [1, 3], [4, 2], [4, 1]], 
[[0, 0], [0, 0], [1, 4], [0, 0], [0, 0]], 
[[0, 0], [0, 0], [0, 0], [0, 0], [0, 0]]] 
 [[], [3, 3, 3], [1, 4, 3], [0, 0, 2]]


4: 중복 상어 확인
 [[[0, 0], [3, 4], [3, 3], [3, 2], [3, 1]],
[[0, 0], [2, 1], [2, 2], [2, 3], [2, 4]], 
[[1, 1], [1, 2], [1, 3], [4, 2], [4, 1]],
[[0, 0], [0, 0], [1, 4], [0, 0], [0, 0]], 
[[0, 0], [0, 0], [0, 0], [0, 0], [0, 0]]] 
 [[], [3, 3, 3], [1, 4, 3], [0, 0, 2]]


2: 상어 냄새 뿌리기
 [[[3, 4], [3, 3], [3, 2], [3, 1], [0, 0]], 
[[0, 0], [0, 0], [2, 1], [2, 2], [2, 4]], 
[[0, 0], [1, 1], [1, 2], [4, 1], [0, 0]], 
[[0, 0], [0, 0], [1, 3], [1, 4], [0, 0]], 
[[0, 0], [0, 0], [0, 0], [0, 0], [0, 0]]] 
 [[], [3, 3, 3], [1, 4, 3], [0, 0, 2]]


3: 상어 이동시키기
 [[[3, 4], [3, 3], [3, 2], [3, 1], [0, 0]],
 [[0, 0], [0, 0], [2, 1], [2, 2], [2, 4]], 
[[0, 0], [1, 1], [1, 2], [4, 1], [0, 0]],
 [[0, 0], [0, 0], [1, 3], [1, 4], [0, 0]],
 [[0, 0], [0, 0], [0, 0], [0, 0], [0, 0]]] 
 [[], [3, 4, 3], [0, 4, 0], [1, 0, 1]]


4: 중복 상어 확인
 [[[3, 4], [3, 3], [3, 2], [3, 1], [0, 0]],
 [[0, 0], [0, 0], [2, 1], [2, 2], [2, 4]],
 [[0, 0], [1, 1], [1, 2], [4, 1], [0, 0]], 
[[0, 0], [0, 0], [1, 3], [1, 4], [0, 0]], 
[[0, 0], [0, 0], [0, 0], [0, 0], [0, 0]]] 
 [[], [3, 4, 3], [0, 4, 0], [1, 0, 1]]























1: Start
 [[[0, 0], [0, 0], [0, 0], [0, 0], [3, 0]], 
[[0, 0], [2, 0], [0, 0], [0, 0], [0, 0]], 
[[1, 0], [0, 0], [0, 0], [0, 0], [4, 0]], 
[0, 0], [0, 0], [0, 0], [0, 0], [0, 0]], 
[[0, 0], [0, 0], [0, 0], [0, 0], [0, 0]]] 

 [[], [2, 0, 3], [1, 1, 3], [0, 4, 2], [2, 4, 0]]


2: 상어 냄새 뿌리기
 [[[0, 0], [0, 0], [0, 0], [0, 0], [3, 4]], 
[[0, 0], [2, 4], [0, 0], [0, 0], [0, 0]],
 [[1, 4], [0, 0], [0, 0], [0, 0], [4, 4]],
 [[0, 0], [0, 0], [0, 0], [0, 0], [0, 0]], 
[0, 0], [0, 0], [0, 0], [0, 0], [0, 0]]] 

 [[], [2, 0, 3], [1, 1, 3], [0, 4, 2], [2, 4, 0]]


3: 상어 이동시키기
 [[[0, 0], [0, 0], [0, 0], [0, 0], [3, 4]], 
[[0, 0], [2, 4], [0, 0], [0, 0], [0, 0]], 
[[1, 4], [0, 0], [0, 0], [0, 0], [4, 4]], 
[[0, 0], [0, 0], [0, 0], [0, 0], [0, 0]], 
[[0, 0], [0, 0], [0, 0], [0, 0], [0, 0]]] 

 [[], [2, 1, 3], [1, 2, 3], [0, 3, 2], [2, 3, 2]]


4: 중복 상어 확인
 [[[0, 0], [0, 0], [0, 0], [0, 0], [3, 4]], 
[[0, 0], [2, 4], [0, 0], [0, 0], [0, 0]],
 [[1, 4], [0, 0], [0, 0], [0, 0], [4, 4]], 
[[0, 0], [0, 0], [0, 0], [0, 0], [0, 0]], 
[[0, 0], [0, 0], [0, 0], [0, 0], [0, 0]]] 

 [[], [2, 1, 3], [1, 2, 3], [0, 3, 2], [2, 3, 2]]


5: 냄새 제거
 [[[0, 0], [0, 0], [0, 0], [0, 0], [3, 3]],
 [[0, 0], [2, 3], [0, 0], [0, 0], [0, 0]], 
[[1, 3], [0, 0], [0, 0], [0, 0], [4, 3]], 
[[0, 0], [0, 0], [0, 0], [0, 0], [0, 0]], 
[[0, 0], [0, 0], [0, 0], [0, 0], [0, 0]]] 

 [[], [2, 1, 3], [1, 2, 3], [0, 3, 2], [2, 3, 2]]



1: Start
 [[[0, 0], [0, 0], [0, 0], [0, 0], [3, 3]],
 [[0, 0], [2, 3], [0, 0], [0, 0], [0, 0]], 
[[1, 3], [0, 0], [0, 0], [0, 0], [4, 3]],
 [[0, 0], [0, 0], [0, 0], [0, 0], [0, 0]], 
[[0, 0], [0, 0], [0, 0], [0, 0], [0, 0]]] 

 [[], [2, 1, 3], [1, 2, 3], [0, 3, 2], [2, 3, 2]]


2: 상어 냄새 뿌리기
 [[[0, 0], [0, 0], [0, 0], [3, 4], [3, 3]], 
[[0, 0], [2, 3], [2, 4], [0, 0], [0, 0]],
 [[1, 3], [1, 4], [0, 0], [4, 4], [4, 3]], 
[[0, 0], [0, 0], [0, 0], [0, 0], [0, 0]],
[[0, 0], [0, 0], [0, 0], [0, 0], [0, 0]]] 

 [[], [2, 1, 3], [1, 2, 3], [0, 3, 2], [2, 3, 2]]


3: 상어 이동시키기
 [[[0, 0], [0, 0], [0, 0], [3, 4], [3, 3]],
 [[0, 0], [2, 3], [2, 4], [0, 0], [0, 0]], 
[[1, 3], [1, 4], [0, 0], [4, 4], [4, 3]], 
[[0, 0], [0, 0], [0, 0], [0, 0], [0, 0]], 
[[0, 0], [0, 0], [0, 0], [0, 0], [0, 0]]] 

 [[], [2, 2, 3], [1, 3, 3], [0, 2, 2], [1, 3, 0]]


4: 중복 상어 확인
 [[[0, 0], [0, 0], [0, 0], [3, 4], [3, 3]], 
[[0, 0], [2, 3], [2, 4], [0, 0], [0, 0]], 
[[1, 3], [1, 4], [0, 0], [4, 4], [4, 3]], 
[[0, 0], [0, 0], [0, 0], [0, 0], [0, 0]],
 [[0, 0], [0, 0], [0, 0], [0, 0], [0, 0]]] 

 [[], [2, 2, 3], [1, 3, 3], [0, 2, 2]]


5: 냄새 제거
 [[[0, 0], [0, 0], [0, 0], [3, 3], [3, 2]],
 [[0, 0], [2, 2], [2, 3], [0, 0], [0, 0]], 
[[1, 2], [1, 3], [0, 0], [4, 3], [4, 2]],
 [[0, 0], [0, 0], [0, 0], [0, 0], [0, 0]],
 [[0, 0], [0, 0], [0, 0], [0, 0], [0, 0]]] 

 [[], [2, 2, 3], [1, 3, 3], [0, 2, 2]]


1: Start
 [[[0, 0], [0, 0], [0, 0], [3, 3], [3, 2]], 
[[0, 0], [2, 2], [2, 3], [0, 0], [0, 0]], 
[[1, 2], [1, 3], [0, 0], [4, 3], [4, 2]],
 [[0, 0], [0, 0], [0, 0], [0, 0], [0, 0]], 
[[0, 0], [0, 0], [0, 0], [0, 0], [0, 0]]] 

 [[], [2, 2, 3], [1, 3, 3], [0, 2, 2]]


2: 상어 냄새 뿌리기
 [[[0, 0], [0, 0], [3, 4], [3, 3], [3, 2]], 
[[0, 0], [2, 2], [2, 3], [2, 4], [0, 0]], 
[[1, 2], [1, 3], [1, 4], [4, 3], [4, 2]],
 [[0, 0], [0, 0], [0, 0], [0, 0], [0, 0]], 
[[0, 0], [0, 0], [0, 0], [0, 0], [0, 0]]] 

 [[], [2, 2, 3], [1, 3, 3], [0, 2, 2]]


3: 상어 이동시키기
 [[[0, 0], [0, 0], [3, 4], [3, 3], [3, 2]], 
[[0, 0], [2, 2], [2, 3], [2, 4], [0, 0]], 
[[1, 2], [1, 3], [1, 4], [4, 3], [4, 2]],
 [[0, 0], [0, 0], [0, 0], [0, 0], [0, 0]], 
[[0, 0], [0, 0], [0, 0], [0, 0], [0, 0]]] 

 [[], [2, 2, 3], [1, 3, 3], [0, 2, 2]]


4: 중복 상어 확인
 [[[0, 0], [0, 0], [3, 4], [3, 3], [3, 2]], 
[[0, 0], [2, 2], [2, 3], [2, 4], [0, 0]], 
[[1, 2], [1, 3], [1, 4], [4, 3], [4, 2]], 
[[0, 0], [0, 0], [0, 0], [0, 0], [0, 0]],
 [[0, 0], [0, 0], [0, 0], [0, 0], [0, 0]]] 

 [[], [2, 2, 3], [1, 3, 3], [0, 2, 2]]


5: 냄새 제거
 [[[0, 0], [0, 0], [3, 3], [3, 2], [3, 1]],
 [[0, 0], [2, 1], [2, 2], [2, 3], [0, 0]], 
[[1, 1], [1, 2], [1, 3], [4, 2], [4, 1]], 
[[0, 0], [0, 0], [0, 0], [0, 0], [0, 0]],
 [[0, 0], [0, 0], [0, 0], [0, 0], [0, 0]]] 

 [[], [2, 2, 3], [1, 3, 3], [0, 2, 2]]


1: Start
 [[[0, 0], [0, 0], [3, 3], [3, 2], [3, 1]],
 [[0, 0], [2, 1], [2, 2], [2, 3], [0, 0]], 
[[1, 1], [1, 2], [1, 3], [4, 2], [4, 1]], 
[[0, 0], [0, 0], [0, 0], [0, 0], [0, 0]],
 [[0, 0], [0, 0], [0, 0], [0, 0], [0, 0]]] 

 [[], [2, 2, 3], [1, 3, 3], [0, 2, 2]]


2: 상어 냄새 뿌리기
 [[[0, 0], [0, 0], [3, 4], [3, 2], [3, 1]], 
[[0, 0], [2, 1], [2, 2], [2, 4], [0, 0]], 
[[1, 1], [1, 2], [1, 4], [4, 2], [4, 1]], 
[[0, 0], [0, 0], [0, 0], [0, 0], [0, 0]], 
[[0, 0], [0, 0], [0, 0], [0, 0], [0, 0]]] 

 [[], [2, 2, 3], [1, 3, 3], [0, 2, 2]]


3: 상어 이동시키기
 [[[0, 0], [0, 0], [3, 4], [3, 2], [3, 1]],
 [[0, 0], [2, 1], [2, 2], [2, 4], [0, 0]],
 [[1, 1], [1, 2], [1, 4], [4, 2], [4, 1]], 
[[0, 0], [0, 0], [0, 0], [0, 0], [0, 0]], 
[[0, 0], [0, 0], [0, 0], [0, 0], [0, 0]]] 

 [[], [2, 2, 3], [1, 3, 3], [0, 2, 2]]


4: 중복 상어 확인
 [[[0, 0], [0, 0], [3, 4], [3, 2], [3, 1]], 
[[0, 0], [2, 1], [2, 2], [2, 4], [0, 0]], 
[[1, 1], [1, 2], [1, 4], [4, 2], [4, 1]],
 [[0, 0], [0, 0], [0, 0], [0, 0], [0, 0]], 
[[0, 0], [0, 0], [0, 0], [0, 0], [0, 0]]] 

 [[], [2, 2, 3], [1, 3, 3], [0, 2, 2]]


5: 냄새 제거
 [[[0, 0], [0, 0], [3, 3], [3, 1], [0, 0]], 
[[0, 0], [0, 0], [2, 1], [2, 3], [0, 0]], 
[[0, 0], [1, 1], [1, 3], [4, 1], [0, 0]], 
[[0, 0], [0, 0], [0, 0], [0, 0], [0, 0]], 
[[0, 0], [0, 0], [0, 0], [0, 0], [0, 0]]] 

 [[], [2, 2, 3], [1, 3, 3], [0, 2, 2]]


1: Start
 [[[0, 0], [0, 0], [3, 3], [3, 1], [0, 0]],
 [[0, 0], [0, 0], [2, 1], [2, 3], [0, 0]],
 [[0, 0], [1, 1], [1, 3], [4, 1], [0, 0]],
 [[0, 0], [0, 0], [0, 0], [0, 0], [0, 0]], 
[[0, 0], [0, 0], [0, 0], [0, 0], [0, 0]]] 

 [[], [2, 2, 3], [1, 3, 3], [0, 2, 2]]


2: 상어 냄새 뿌리기
 [[[0, 0], [0, 0], [3, 4], [3, 1], [0, 0]], 
[[0, 0], [0, 0], [2, 1], [2, 4], [0, 0]],
 [[0, 0], [1, 1], [1, 4], [4, 1], [0, 0]], 
[[0, 0], [0, 0], [0, 0], [0, 0], [0, 0]],
 [[0, 0], [0, 0], [0, 0], [0, 0], [0, 0]]] 

 [[], [2, 2, 3], [1, 3, 3], [0, 2, 2]]


3: 상어 이동시키기
 [[[0, 0], [0, 0], [3, 4], [3, 1], [0, 0]], 
[[0, 0], [0, 0], [2, 1], [2, 4], [0, 0]],
[[0, 0], [1, 1], [1, 4], [4, 1], [0, 0]],
 [[0, 0], [0, 0], [0, 0], [0, 0], [0, 0]],
 [[0, 0], [0, 0], [0, 0], [0, 0], [0, 0]]] 

 [[], [2, 2, 3], [1, 3, 3], [0, 2, 2]]


4: 중복 상어 확인
 [[[0, 0], [0, 0], [3, 4], [3, 1], [0, 0]],
 [[0, 0], [0, 0], [2, 1], [2, 4], [0, 0]], 
[[0, 0], [1, 1], [1, 4], [4, 1], [0, 0]], 
[[0, 0], [0, 0], [0, 0], [0, 0], [0, 0]], 
[[0, 0], [0, 0], [0, 0], [0, 0], [0, 0]]] 

 [[], [2, 2, 3], [1, 3, 3], [0, 2, 2]]


5: 냄새 제거
 [[[0, 0], [0, 0], [3, 3], [0, 0], [0, 0]],
 [[0, 0], [0, 0], [0, 0], [2, 3], [0, 0]],
[[0, 0], [0, 0], [1, 3], [0, 0], [0, 0]], 
[[0, 0], [0, 0], [0, 0], [0, 0], [0, 0]], 
[[0, 0], [0, 0], [0, 0], [0, 0], [0, 0]]] 

 [[], [2, 2, 3], [1, 3, 3], [0, 2, 2]]


None