5 3 
 [[2, 2, -1, 3, 1], [3, 3, 2, 0, -1], [0, 0, 0, 1, 2], [-1, 3, 1, 3, 2], [0, 3, 2, 2, 1]] 

1 block_map:  [[2, 2, -1, 3, 1], [3, 3, 2, 0, -1], [0, 0, 0, 1, 2], [-1, 3, 1, 3, 2], [0, 3, 2, 2, 1]] 

[search_group] result:  [1, 0, [0, 1], [[0, 1]]]
[search_group] result:  [1, 0, [0, 0], [[0, 0]]]
[search_group] result:  [1, 1, [5, 5], [[1, 3]]]
[search_group] result:  [0, 0, [5, 5], []]
[search_group] result:  [12, 7, [1, 1], [[1, 1], [2, 0], [2, 1], [2, 1], [2, 2], [2, 2], [3, 1], [3, 1], [4, 0], [4, 0], [4, 1], [4, 1]]]
[search_group] result:  [8, 5, [1, 0], [[1, 0], [2, 0], [2, 0], [2, 1], [2, 2], [3, 1], [4, 0], [4, 1]]]
[search_group] result:  [4, 4, [5, 5], [[1, 3], [2, 0], [2, 1], [2, 2]]]
[search_group] result:  [5, 4, [3, 2], [[1, 3], [2, 0], [2, 1], [2, 2], [3, 2]]]
[search_group] result:  [1, 0, [3, 4], [[3, 4]]]
[search_group] result:  [8, 4, [1, 0], [[1, 0], [1, 0], [1, 1], [2, 0], [2, 1], [2, 2], [4, 0], [4, 1]]]
[search_group] result:  [5, 4, [2, 3], [[1, 3], [2, 0], [2, 1], [2, 2], [2, 3]]]
[search_group] result:  [0, 0, [5, 5], []]
[search_group] result:  [1, 0, [2, 4], [[2, 4]]]
[search_group] result:  [8, 4, [1, 0], [[1, 0], [1, 0], [1, 1], [2, 0], [2, 1], [2, 2], [3, 1], [4, 0]]]
[search_group] result:  [1, 0, [4, 3], [[4, 3]]]
[search_group] result:  [1, 0, [4, 2], [[4, 2]]]
[search_group] result:  [0, 0, [5, 5], []]
[big_group] group_list:  [[12, 7, [1, 1], [[1, 1], [2, 0], [2, 1], [2, 1], [2, 2], [2, 2], [3, 1], [3, 1], [4, 0], [4, 0], [4, 1], [4, 1]]], [8, 5, [1, 0], [[1, 0], [2, 0], [2, 0], [2, 1], [2, 2], [3, 1], [4, 0], [4, 1]]], [8, 4, [1, 0], [[1, 0], [1, 0], [1, 1], [2, 0], [2, 1], [2, 2], [4, 0], [4, 1]]], [8, 4, [1, 0], [[1, 0], [1, 0], [1, 1], [2, 0], [2, 1], [2, 2], [3, 1], [4, 0]]]]
2 del_group:  [8, [[1, 0], [1, 0], [1, 1], [2, 0], [2, 1], [2, 2], [3, 1], [4, 0]]] 

3 score:  64 

4 블록 삭제:  [[2, 2, -1, 3, 1], [-2, -2, 2, 0, -1], [-2, -2, -2, 1, 2], [-1, -2, 1, 3, 2], [-2, 3, 2, 2, 1]] 

5 중력1:  [[2, 2, -1, 3, 1], [-2, -2, 2, 3, -1], [2, -2, -2, 0, 2], [-1, -2, 2, 1, 2], [-2, 2, 1, 3, 2]] 

6 회전:  [[2, 2, -1, 3, 1], [-2, -2, 2, 3, -1], [2, -2, -2, 0, 2], [-1, -2, 2, 1, 2], [-2, 2, 1, 3, 2]] 

7 중력2:  [[2, 2, -1, 3, 1], [2, -2, 2, 3, -1], [2, -2, -2, 3, 2], [-1, -2, 2, 0, 2], [-2, 2, 2, 1, 2]] 

1 block_map:  [[2, 2, -1, 3, 1], [2, -2, 2, 3, -1], [2, -2, -2, 3, 2], [-1, -2, 2, 0, 2], [-2, 2, 2, 1, 2]] 

[search_group] result:  [3, 0, [0, 1], [[0, 1], [1, 0], [2, 0]]]
[search_group] result:  [3, 0, [0, 0], [[0, 0], [1, 0], [2, 0]]]
[search_group] result:  [3, 1, [1, 3], [[1, 3], [2, 3], [3, 3]]]
[search_group] result:  [0, 0, [5, 5], []]
[search_group] result:  [3, 0, [0, 0], [[0, 0], [0, 1], [2, 0]]]
[search_group] result:  [3, 0, [2, 1], [[2, 1], [2, 2], [3, 1]]]
[search_group] result:  [0, 0, [5, 5], []]
[search_group] result:  [3, 1, [0, 3], [[0, 3], [2, 3], [3, 3]]]
[search_group] result:  [3, 0, [0, 0], [[0, 0], [0, 1], [1, 0]]]
[search_group] result:  [3, 0, [1, 1], [[1, 1], [2, 2], [3, 1]]]
[search_group] result:  [3, 0, [1, 1], [[1, 1], [2, 1], [3, 1]]]
[search_group] result:  [3, 1, [0, 3], [[0, 3], [1, 3], [3, 3]]]
[search_group] result:  [6, 1, [3, 2], [[3, 2], [3, 3], [3, 4], [4, 1], [4, 2], [4, 4]]]
[search_group] result:  [3, 0, [1, 1], [[1, 1], [2, 1], [2, 2]]]
[search_group] result:  [6, 1, [2, 4], [[2, 4], [3, 3], [3, 4], [4, 1], [4, 2], [4, 4]]]
[search_group] result:  [6, 1, [2, 4], [[2, 4], [3, 2], [3, 3], [4, 1], [4, 2], [4, 4]]]
[search_group] result:  [0, 0, [5, 5], []]
[search_group] result:  [6, 1, [2, 4], [[2, 4], [3, 2], [3, 3], [3, 4], [4, 2], [4, 4]]]
[search_group] result:  [6, 1, [2, 4], [[2, 4], [3, 2], [3, 3], [3, 4], [4, 1], [4, 4]]]
[search_group] result:  [1, 1, [5, 5], [[3, 3]]]
[search_group] result:  [6, 1, [2, 4], [[2, 4], [3, 2], [3, 3], [3, 4], [4, 1], [4, 2]]]
[big_group] group_list:  [[3, 0, [0, 1], [[0, 1], [1, 0], [2, 0]]], [3, 0, [0, 0], [[0, 0], [1, 0], [2, 0]]], [3, 0, [0, 0], [[0, 0], [0, 1], [2, 0]]], [3, 0, [2, 1], [[2, 1], [2, 2], [3, 1]]], [3, 0, [0, 0], [[0, 0], [0, 1], [1, 0]]], [3, 0, [1, 1], [[1, 1], [2, 2], [3, 1]]], [3, 0, [1, 1], [[1, 1], [2, 1], [3, 1]]], [6, 1, [3, 2], [[3, 2], [3, 3], [3, 4], [4, 1], [4, 2], [4, 4]]], [3, 0, [1, 1], [[1, 1], [2, 1], [2, 2]]], [6, 1, [2, 4], [[2, 4], [3, 3], [3, 4], [4, 1], [4, 2], [4, 4]]], [6, 1, [2, 4], [[2, 4], [3, 2], [3, 3], [4, 1], [4, 2], [4, 4]]], [6, 1, [2, 4], [[2, 4], [3, 2], [3, 3], [3, 4], [4, 2], [4, 4]]], [6, 1, [2, 4], [[2, 4], [3, 2], [3, 3], [3, 4], [4, 1], [4, 4]]], [6, 1, [2, 4], [[2, 4], [3, 2], [3, 3], [3, 4], [4, 1], [4, 2]]]]
2 del_group:  [3, [[0, 0], [0, 1], [1, 0]]] 

3 score:  73 

4 블록 삭제:  [[-2, -2, -1, 3, 1], [-2, -2, 2, 3, -1], [2, -2, -2, 3, 2], [-1, -2, 2, 0, 2], [-2, 2, 2, 1, 2]] 

5 중력1:  [[-2, -2, -1, 3, 1], [-2, -2, 2, 3, -1], [2, -2, -2, 3, 2], [-1, -2, 2, 3, 2], [-2, 2, 2, 0, 2]] 

6 회전:  [[-2, -2, -1, 3, 1], [-2, -2, 2, 3, -1], [2, -2, -2, 3, 2], [-1, -2, 2, 3, 2], [-2, 2, 2, 0, 2]] 

7 중력2:  [[-2, -2, -1, 3, 1], [-2, -2, 2, 3, -1], [2, -2, -2, 3, 2], [-1, -2, 2, 3, 2], [-2, 2, 2, 3, 2]] 

1 block_map:  [[-2, -2, -1, 3, 1], [-2, -2, 2, 3, -1], [2, -2, -2, 3, 2], [-1, -2, 2, 3, 2], [-2, 2, 2, 3, 2]] 

[search_group] result:  [10, 0, [0, 1], [[0, 1], [1, 0], [1, 1], [1, 1], [2, 1], [2, 1], [2, 2], [2, 2], [3, 1], [3, 1]]]
[search_group] result:  [7, 0, [0, 0], [[0, 0], [1, 0], [1, 0], [1, 1], [2, 1], [2, 2], [3, 1]]]
[search_group] result:  [4, 0, [1, 3], [[1, 3], [2, 3], [3, 3], [4, 3]]]
[search_group] result:  [0, 0, [5, 5], []]
[search_group] result:  [7, 0, [0, 0], [[0, 0], [0, 1], [0, 1], [1, 1], [2, 1], [2, 2], [3, 1]]]
[search_group] result:  [7, 0, [0, 0], [[0, 0], [0, 0], [0, 1], [1, 0], [2, 1], [2, 2], [3, 1]]]
[search_group] result:  [0, 0, [5, 5], []]
[search_group] result:  [4, 0, [0, 3], [[0, 3], [2, 3], [3, 3], [4, 3]]]
[search_group] result:  [0, 0, [5, 5], []]
[search_group] result:  [7, 0, [0, 0], [[0, 0], [0, 0], [0, 1], [1, 0], [1, 1], [2, 2], [3, 1]]]
[search_group] result:  [7, 0, [0, 0], [[0, 0], [0, 0], [0, 1], [1, 0], [1, 1], [2, 1], [3, 1]]]
[search_group] result:  [4, 0, [0, 3], [[0, 3], [1, 3], [3, 3], [4, 3]]]
[search_group] result:  [2, 0, [3, 4], [[3, 4], [4, 4]]]
[search_group] result:  [7, 0, [0, 0], [[0, 0], [0, 0], [0, 1], [1, 0], [1, 1], [2, 1], [2, 2]]]
[search_group] result:  [2, 0, [4, 1], [[4, 1], [4, 2]]]
[search_group] result:  [4, 0, [0, 3], [[0, 3], [1, 3], [2, 3], [4, 3]]]
[search_group] result:  [2, 0, [2, 4], [[2, 4], [4, 4]]]
[search_group] result:  [0, 0, [5, 5], []]
[search_group] result:  [2, 0, [3, 2], [[3, 2], [4, 2]]]
[search_group] result:  [2, 0, [3, 2], [[3, 2], [4, 1]]]
[search_group] result:  [4, 0, [0, 3], [[0, 3], [1, 3], [2, 3], [3, 3]]]
[search_group] result:  [2, 0, [2, 4], [[2, 4], [3, 4]]]
[big_group] group_list:  [[10, 0, [0, 1], [[0, 1], [1, 0], [1, 1], [1, 1], [2, 1], [2, 1], [2, 2], [2, 2], [3, 1], [3, 1]]], [7, 0, [0, 0], [[0, 0], [1, 0], [1, 0], [1, 1], [2, 1], [2, 2], [3, 1]]], [4, 0, [1, 3], [[1, 3], [2, 3], [3, 3], [4, 3]]], [7, 0, [0, 0], [[0, 0], [0, 1], [0, 1], [1, 1], [2, 1], [2, 2], [3, 1]]], [7, 0, [0, 0], [[0, 0], [0, 0], [0, 1], [1, 0], [2, 1], [2, 2], [3, 1]]], [4, 0, [0, 3], [[0, 3], [2, 3], [3, 3], [4, 3]]], [7, 0, [0, 0], [[0, 0], [0, 0], [0, 1], [1, 0], [1, 1], [2, 2], [3, 1]]], [7, 0, [0, 0], [[0, 0], [0, 0], [0, 1], [1, 0], [1, 1], [2, 1], [3, 1]]], [4, 0, [0, 3], [[0, 3], [1, 3], [3, 3], [4, 3]]], [7, 0, [0, 0], [[0, 0], [0, 0], [0, 1], [1, 0], [1, 1], [2, 1], [2, 2]]], [4, 0, [0, 3], [[0, 3], [1, 3], [2, 3], [4, 3]]], [4, 0, [0, 3], [[0, 3], [1, 3], [2, 3], [3, 3]]]]
2 del_group:  [4, [[0, 3], [1, 3], [2, 3], [3, 3]]] 

3 score:  89 

4 블록 삭제:  [[-2, -2, -1, -2, 1], [-2, -2, 2, -2, -1], [2, -2, -2, -2, 2], [-1, -2, 2, -2, 2], [-2, 2, 2, 3, 2]] 

5 중력1:  [[-2, -2, -1, -2, 1], [-2, -2, 2, -2, -1], [2, -2, -2, -2, 2], [-1, -2, 2, -2, 2], [-2, 2, 2, 3, 2]] 

6 회전:  [[-2, -2, -1, -2, 1], [-2, -2, 2, -2, -1], [2, -2, -2, -2, 2], [-1, -2, 2, -2, 2], [-2, 2, 2, 3, 2]] 

7 중력2:  [[-2, -2, -1, -2, 1], [-2, -2, 2, -2, -1], [2, -2, -2, -2, 2], [-1, -2, 2, -2, 2], [-2, 2, 2, 3, 2]] 

